function load_data()
%%&&&&&&&&&&&&&&&&&&&&&&&&&&&&&&&&&&&&&&&&&&&&&&&&&&&&&&&&&&&&&&&&&&&&&&&&%
% Script for loading all experimental data for 15 species in Caulobacter
% cell cycle model
%&&&&&&&&&&&&&&&&&&&&&&&&&&&&&&&&&&&&&&&&&&&&&&&&&&&&&&&&&&&&&&&&&&&&&&&&&%
global dDnaA dCcrM dSciP dGcrA dCtrA pCcrM3 pCcrM5 pDnaA1 pGcrA1 pSciP2 pCtrA3 pCtrA5 ...
        t tp1 tp2 tp3 tp5 tpPleD pPleD
global Ini Elong DNA Count hcori hCcrM hCtrA tpPdeA dPdeA rcda tpRcdA pCpdR tpCpdR...
       mCcrM mDnaA mGcrA mSciP mCtrA tpcdG pcdG...
       CcrM DnaA GcrA SciP CtrA Zring DivKp ...
       I_DnaA I_GcrA I_ccrM tot;
global CPLX1 CpdR CpdRP CPLX2 RcdA CPLX3; 
global CtrAP CckAP  cdG PleD PdeA;
global PleDP; %13/3/2021 RX
global ksZring;


Ini = 1;
Elong = 2;
DNA = 3;
Count = 4;
hcori = 5;
hCcrM = 6;
hCtrA = 7;
mCcrM = 8;
mDnaA = 9;
mGcrA = 10;
mSciP = 11;
mCtrA = 12;
CcrM = 13;
DnaA = 14;
GcrA = 15;
SciP = 16;
CtrA = 17;
Zring = 18;
DivKp = 19;
I_DnaA = 20;
I_GcrA = 21;
I_ccrM = 22;
tot = 34;
CPLX1 = 23;
CpdR = 24;
CpdRP = 25;
CPLX2 = 26;
RcdA = 27;
CPLX3 = 28;
CtrAP = 29;
CckAP=30; 
cdG=31; 
PleD=32; 
PdeA=33;
PleDP=34;


t =  [5, 30, 60, 90, 120, 150];
dDnaA = [1262 1164 500 496 1066 1028]./445;
dCcrM = [17	17 24 445 435 101]./445;
dSciP = [2858	451	199	796	2956 2649]./445;
dGcrA = [550 3001 1275	476	725	1493]./445;
dCtrA = [195 612 2251 3216 2486 1617]./445;

tp1 = [0 20 40 60 80 100 120 140]  ;
pDnaA1 = [4784.305 10537.962 9511.012 3134.012 1447.184 1014.355 3693.083 6339.548];
pGcrA1 = [0 8632.062 16136.355 14185.012 14835.891 8353.184 9923.598 10884.719];

tp2 = [0 20 40 60 80 100 120 140]  ;
pSciP2 = [9239.255 9518.134 4585.305 610.042 161.657 388.435 4424.062 10748.426];

tp3 = [0 16.5 33 49.5 66 82.5 99 115.5 132 148.5]  ;
pCcrM3 = [1314.983 1261.619 2128.518 1517 2385.477 2660.548 2990.276 7318.69 7300.154 4928.518];
pCtrA3 = [4366.669 544.698 678.284 1565.962 3814.74 6857.891 7663.376 13218.74 12383.598 10310.083];

tp5 = [0 20 40 60 80 100 120 140] ;
pCtrA5 = [8860.134 0 0 0 4023.77 12430.841 10419.669 7582.255];
pCcrM5 = [0 0 0 0 166 3633.548 10993.962 13607.912];

tpPleD=[0 10 20 30 40 50 60 70 80 90 100 110 120 130 140];
pPleD =[0.097 0.112 0.089 0.067 0.049 0.036 0.027 0.021 0.03 0.057 0.085 0.107 0.123 0.061 0.089];

tpPdeA = [15 30 45 60 75 90 105 120 135 150];
dPdeA = [0.741673635 0.316406924 0.107619862 0.046731771 0.046410539 0.114836436 0.348004248 0.626064795 0.798451444 1.00000012];

rcda =[0.0000136,0.093,0.984,1.00163,0.528269,0.517348,0.517987,0.431921,0.738932,0.271377];
tpRcdA =[0,9.4,26.7,44.8,62.1176,79.8118,97.5059,115.2,133.271,151.341];

pCpdR = [17942.489,19085.196,12028.882,9405.711,9145.711,9438.782,12948.823];
tpCpdR = [0, 20,40,60,80,100,120];

tpcdG = [0    20    40    60    80   100   120 140]  ;
pcdG = [ 1/3   1   0.55  0.35   0.3  0.25  0.05  0.35]; %Abel 2013

end