fval = [2.9612150E+01  1.2917223E-01
   2.9622376E+01  1.2906219E-01
   2.9665639E+01  1.0519100E-01
   2.9697751E+01  1.0411814E-01
   2.9750527E+01  5.1892301E-02
   2.9731396E+01  1.0176080E-01
   2.9731396E+01  1.0176080E-01
   2.9731396E+01  1.0176080E-01
   2.9731527E+01  1.0170913E-01
   2.9748577E+01  9.6376700E-02
   2.9816217E+01  5.0744640E-02
   2.9898614E+01  2.8995719E-02
   3.0029188E+01  4.2386934E-05];

val = [   1.7500000E+00  2.4500000E+00  1.7500000E+00  1.2500000E-01  4.9983333E-02 ...
   1.9200001E-01  9.9999998E-02  3.0250000E-01  7.4999998E-02  6.9999999E+00...
   7.5000003E-01  6.2500000E-01  4.9999999E-02  1.2375000E+00  1.5750001E-01...
   1.0375000E-01  4.8749998E-02  3.5000001E-02  1.0625000E-01  1.4750000E-01...
   7.4999998E-02  5.4000001E-02  7.4999998E-02  7.5000003E-01  3.7500000E+00...
   8.7499999E-01  1.8750000E+00  1.2500000E+00  1.2500000E+00  1.3750000E+00...
   1.2500000E+00  1.8750001E-01  2.5000000E-01  1.7500000E+02  3.5000000E+00...
   1.2500000E-02  1.2500000E-01  1.2500000E-01  1.8750001E-01  4.9999999E-02...
   4.9999999E-02  1.2500000E-02  6.2500000E-01  3.7500000E+00  1.2500000E+00...
   1.2500000E-01  1.2500000E+00
   1.7500000E+00  2.4500000E+00  1.7500000E+00  1.2500000E-01  4.9983333E-02...
   1.9200001E-01  9.9999998E-02  3.0250000E-01  7.4999998E-02  6.9999999E+00...
   7.5000003E-01  6.2500000E-01  4.9999999E-02  1.2375000E+00  1.5750001E-01...
   1.0375000E-01  4.8749998E-02  3.5000001E-02  1.0625000E-01  1.4750000E-01...
   7.4999998E-02  5.4000001E-02  7.4999998E-02  7.5000003E-01  3.7500000E+00...
   8.7499999E-01  1.8750000E+00  1.2500000E+00  1.2500000E+00  1.3750000E+00...
   1.2500000E+00  1.8750001E-01  2.5000000E-01  1.7500000E+02  1.5000000E+00...
   1.2500000E-02  1.2500000E-01  1.2500000E-01  1.8750001E-01  4.9999999E-02...
   4.9999999E-02  1.2500000E-02  6.2500000E-01  3.7500000E+00  1.2500000E+00...
   1.2500000E-01  1.2500000E+00
   1.7500000E+00  1.7500000E+00  1.7500000E+00  1.2500000E-01  4.9983333E-02...
   1.9200001E-01  9.9999998E-02  3.0250000E-01  7.4999998E-02  6.9999999E+00...
   7.5000003E-01  6.2500000E-01  4.9999999E-02  1.2375000E+00  1.5750001E-01...
   1.0375000E-01  4.8749998E-02  3.5000001E-02  1.0625000E-01  1.4750000E-01...
   7.4999998E-02  5.4000001E-02  7.4999998E-02  7.5000003E-01  3.7500000E+00...
   8.7499999E-01  1.8750000E+00  1.2500000E+00  1.2500000E+00  1.3750000E+00...
   1.2500000E+00  1.8750001E-01  2.5000000E-01  1.7500000E+02  2.5000000E+00...
   1.2500000E-02  7.5000001E-02  1.2500000E-01  1.8750001E-01  4.9999999E-02...
   4.9999999E-02  1.2500000E-02  6.2500000E-01  3.7500000E+00  1.2500000E+00...
   1.2500000E-01  1.2500000E+00
   1.7500000E+00  1.7500000E+00  1.7500000E+00  1.2500000E-01  4.9983333E-02...
   1.9200001E-01  9.9999998E-02  3.0250000E-01  7.4999998E-02  6.9999999E+00...
   7.5000003E-01  6.2500000E-01  4.9999999E-02  1.2375000E+00  1.5750001E-01...
   1.0375000E-01  4.8749998E-02  3.5000001E-02  1.0625000E-01  1.4750000E-01...
   7.4999998E-02  5.4000001E-02  7.4999998E-02  7.5000003E-01  3.7500000E+00...
   8.7499999E-01  1.8750000E+00  1.7500000E+00  1.2500000E+00  1.3750000E+00...
   1.2500000E+00  1.8750001E-01  2.5000000E-01  1.7500000E+02  2.5000000E+00...
   1.2500000E-02  1.2500000E-01  1.2500000E-01  1.8750001E-01  4.9999999E-02...
   4.9999999E-02  1.2500000E-02  6.2500000E-01  3.7500000E+00  1.2500000E+00...
   1.2500000E-01  1.2500000E+00
   1.7500000E+00  1.7500000E+00  1.7500000E+00  1.2500000E-01  4.9983333E-02...
   1.9200001E-01  9.9999998E-02  3.0250000E-01  7.4999998E-02  6.9999999E+00...
   7.5000003E-01  6.2500000E-01  4.9999999E-02  1.2375000E+00  1.5750001E-01...
   1.0375000E-01  4.8749998E-02  3.5000001E-02  1.0625000E-01  1.4750000E-01...
   7.4999998E-02  5.4000001E-02  7.4999998E-02  7.5000003E-01  3.7500000E+00...
   8.7499999E-01  2.6250000E+00  1.2500000E+00  1.2500000E+00  1.3750000E+00...
   1.2500000E+00  1.8750001E-01  2.5000000E-01  1.7500000E+02  2.5000000E+00...
   1.2500000E-02  1.2500000E-01  1.2500000E-01  1.8750001E-01  4.9999999E-02...
   4.9999999E-02  1.2500000E-02  6.2500000E-01  3.7500000E+00  1.2500000E+00...
   1.2500000E-01  1.2500000E+00
   1.7500000E+00  1.7500000E+00  1.7500000E+00  1.2500000E-01  4.9983333E-02...
   1.9200001E-01  9.9999998E-02  3.0250000E-01  7.4999998E-02  6.9999999E+00...
   7.5000003E-01  6.2500000E-01  4.9999999E-02  1.2375000E+00  1.5750001E-01...
   1.0375000E-01  4.8749998E-02  3.5000001E-02  1.0625000E-01  1.4750000E-01...
   7.4999998E-02  5.4000001E-02  7.4999998E-02  7.5000003E-01  3.7500000E+00...
   8.7499999E-01  1.8750000E+00  1.2500000E+00  1.2500000E+00  1.3750000E+00...
   1.2500000E+00  1.8750001E-01  2.5000000E-01  1.7500000E+02  2.5000000E+00...
   1.2500000E-02  1.2500000E-01  1.2500000E-01  1.8750001E-01  4.9999999E-02...
   4.9999999E-02  1.2500000E-02  6.2500000E-01  3.7500000E+00  1.2500000E+00...
   1.2500000E-01  1.2500000E+00
   1.7500000E+00  1.7500000E+00  1.7500000E+00  1.2500000E-01  4.9983333E-02...
   1.9200001E-01  9.9999998E-02  3.0250000E-01  7.4999998E-02  6.9999999E+00...
   7.5000003E-01  6.2500000E-01  4.9999999E-02  1.2375000E+00  1.5750001E-01...
   1.0375000E-01  4.8749998E-02  3.5000001E-02  1.0625000E-01  1.4750000E-01...
   7.4999998E-02  5.4000001E-02  7.4999998E-02  7.5000003E-01  3.7500000E+00...
   8.7499999E-01  1.8750000E+00  1.2500000E+00  1.2500000E+00  1.3750000E+00...
   1.2500000E+00  1.8750001E-01  2.5000000E-01  1.0500000E+02  2.5000000E+00...
   1.2500000E-02  1.2500000E-01  1.2500000E-01  1.8750001E-01  4.9999999E-02...
   4.9999999E-02  1.2500000E-02  6.2500000E-01  3.7500000E+00  1.2500000E+00...
   1.2500000E-01  1.2500000E+00
   1.7500000E+00  1.7500000E+00  1.7500000E+00  1.2500000E-01  4.9983333E-02...
   1.9200001E-01  9.9999998E-02  3.0250000E-01  7.4999998E-02  6.9999999E+00...
   7.5000003E-01  6.2500000E-01  4.9999999E-02  1.2375000E+00  1.5750001E-01...
   1.0375000E-01  4.8749998E-02  3.5000001E-02  1.0625000E-01  1.4750000E-01...
   7.4999998E-02  5.4000001E-02  7.4999998E-02  7.5000003E-01  3.7500000E+00...
   8.7499999E-01  1.8750000E+00  1.2500000E+00  1.2500000E+00  1.3750000E+00...
   1.2500000E+00  1.8750001E-01  2.5000000E-01  2.4500000E+02  2.5000000E+00...
   1.2500000E-02  1.2500000E-01  1.2500000E-01  1.8750001E-01  4.9999999E-02...
   4.9999999E-02  1.2500000E-02  6.2500000E-01  3.7500000E+00  1.2500000E+00...
   1.2500000E-01  1.2500000E+00
   1.7500000E+00  1.7500000E+00  1.7500000E+00  1.2500000E-01  4.9983333E-02...
   1.9200001E-01  9.9999998E-02  3.0250000E-01  7.4999998E-02  6.9999999E+00...
   7.5000003E-01  6.2500000E-01  4.9999999E-02  1.2375000E+00  1.5750001E-01...
   1.0375000E-01  4.8749998E-02  3.5000001E-02  1.0625000E-01  1.4750000E-01...
   7.4999998E-02  5.4000001E-02  7.4999998E-02  7.5000003E-01  3.7500000E+00...
   8.7499999E-01  1.8750000E+00  1.2500000E+00  1.2500000E+00  1.3750000E+00...
   1.2500000E+00  1.8750001E-01  2.5000000E-01  1.7500000E+02  1.5000000E+00...
   1.2500000E-02  1.2500000E-01  1.2500000E-01  1.8750001E-01  4.9999999E-02...
   4.9999999E-02  1.2500000E-02  6.2500000E-01  3.7500000E+00  1.2500000E+00...
   1.2500000E-01  1.2500000E+00
   1.7500000E+00  1.7500000E+00  1.7500000E+00  1.2500000E-01  4.9983333E-02...
   1.9200001E-01  9.9999998E-02  3.0250000E-01  7.4999998E-02  6.9999999E+00...
   7.5000003E-01  6.2500000E-01  4.9999999E-02  1.2375000E+00  1.5750001E-01...
   1.0375000E-01  4.8749998E-02  3.5000001E-02  1.0625000E-01  1.4750000E-01...
   7.4999998E-02  5.4000001E-02  7.4999998E-02  7.5000003E-01  3.7500000E+00...
   8.7499999E-01  1.8750000E+00  7.5000000E-01  1.2500000E+00  1.3750000E+00...
   1.2500000E+00  1.8750001E-01  2.5000000E-01  1.7500000E+02  2.5000000E+00...
   1.2500000E-02  1.2500000E-01  1.2500000E-01  1.8750001E-01  4.9999999E-02...
   4.9999999E-02  1.2500000E-02  6.2500000E-01  3.7500000E+00  1.2500000E+00...
   1.2500000E-01  1.2500000E+00
